1,0,-0.999983,-0.00585804,0,-0.999983,-0.00585804,0,-0.999983,-0.00585804,0,-0.999983,-0.00585804,0,-0.999983,-0.00585804,0,-0.999983,-0.00585804,0,-0.999983,-0.00585804,0,-0.999983,-0.00585804,0,-0.999983,-0.00585804,0,-0.999983,-0.00585804,0,-0.999983,-0.00585804
2,-0.99998,-0,-0.00637634,-0.99998,-0,-0.00637634,-0.99998,-0,-0.00637634,-0.99998,-0,-0.00637634,-0.99998,-0,-0.00637634,-0.99998,-0,-0.00637634,-0.99998,-0,-0.00637634,-0.99998,-0,-0.00637634,-0.99998,-0,-0.00637634,-0.99998,-0,-0.00637634,-0.99998,-0,-0.00637634
3,0,0,-1,0,0,-1,0,0,-1,0,0,-1,0,0,-1,0,0,-1,0,0,-1,0,0,-1,0,0,-1,0,0,-1,0,0,-1
4,0,-0.99998,-0.00625837,0,-0.99998,-0.00625837,0,-0.99998,-0.00625837,0,-0.99998,-0.00625837,0,-0.99998,-0.00625837,0,-0.99998,-0.00625837,0,-0.99998,-0.00625837,0,-0.99998,-0.00625837,0,-0.99998,-0.00625837,0,-0.99998,-0.00625837,0,-0.99998,-0.00625837
5,0,0,-1,0,0,-1,0,0,-1,0,0,-1,0,0,-1,0,0,-1,0,0,-1,0,0,-1,0,0,-1,0,0,-1,0,0,-1
6,0,-0.999979,-0.00651113,0,-0.999979,-0.00651113,0,-0.999979,-0.00651113,0,-0.999979,-0.00651113,0,-0.999979,-0.00651113,0,-0.999979,-0.00651113,0,-0.999979,-0.00651113,0,-0.999979,-0.00651113,0,-0.999979,-0.00651113,0,-0.999979,-0.00651113,0,-0.999979,-0.00651113
7,0,0,-1,0,0,-1,0,0,-1,0,0,-1,0,0,-1,0,0,-1,0,0,-1,0,0,-1,0,0,-1,0,0,-1,0,0,-1
8,0,-0.999978,-0.0066561,0,-0.999978,-0.0066561,0,-0.999978,-0.0066561,0,-0.999978,-0.0066561,0,-0.999978,-0.0066561,0,-0.999978,-0.0066561,0,-0.999978,-0.0066561,0,-0.999978,-0.0066561,0,-0.999978,-0.0066561,0,-0.999978,-0.0066561,0,-0.999978,-0.0066561
9,0,0,-1,0,0,-1,0,0,-1,0,0,-1,0,0,-1,0,0,-1,0,0,-1,0,0,-1,0,0,-1,0,0,-1,0,0,-1
10,0,-0.999978,-0.00670263,0,-0.999978,-0.00670263,0,-0.999978,-0.00670263,0,-0.999978,-0.00670263,0,-0.999978,-0.00670263,0,-0.999978,-0.00670263,0,-0.999978,-0.00670263,0,-0.999978,-0.00670263,0,-0.999978,-0.00670263,0,-0.999978,-0.00670263,0,-0.999978,-0.00670263
11,0,0,-1,0,0,-1,0,0,-1,0,0,-1,0,0,-1,0,0,-1,0,0,-1,0,0,-1,0,0,-1,0,0,-1,0,0,-1
12,0,-0.999978,-0.0066561,0,-0.999978,-0.0066561,0,-0.999978,-0.0066561,0,-0.999978,-0.0066561,0,-0.999978,-0.0066561,0,-0.999978,-0.0066561,0,-0.999978,-0.0066561,0,-0.999978,-0.0066561,0,-0.999978,-0.0066561,0,-0.999978,-0.0066561,0,-0.999978,-0.0066561
13,0,0,-1,0,0,-1,0,0,-1,0,0,-1,0,0,-1,0,0,-1,0,0,-1,0,0,-1,0,0,-1,0,0,-1,0,0,-1
14,0,-0.999979,-0.00651113,0,-0.999979,-0.00651113,0,-0.999979,-0.00651113,0,-0.999979,-0.00651113,0,-0.999979,-0.00651113,0,-0.999979,-0.00651113,0,-0.999979,-0.00651113,0,-0.999979,-0.00651113,0,-0.999979,-0.00651113,0,-0.999979,-0.00651113,0,-0.999979,-0.00651113
15,0,0,-1,0,0,-1,0,0,-1,0,0,-1,0,0,-1,0,0,-1,0,0,-1,0,0,-1,0,0,-1,0,0,-1,0,0,-1
16,0,-0.99998,-0.00625837,0,-0.99998,-0.00625837,0,-0.99998,-0.00625837,0,-0.99998,-0.00625837,0,-0.99998,-0.00625837,0,-0.99998,-0.00625837,0,-0.99998,-0.00625837,0,-0.99998,-0.00625837,0,-0.99998,-0.00625837,0,-0.99998,-0.00625837,0,-0.99998,-0.00625837
17,0,0,-1,0,0,-1,0,0,-1,0,0,-1,0,0,-1,0,0,-1,0,0,-1,0,0,-1,0,0,-1,0,0,-1,0,0,-1
18,0,-0.999983,-0.00585804,0,-0.999983,-0.00585804,0,-0.999983,-0.00585804,0,-0.999983,-0.00585804,0,-0.999983,-0.00585804,0,-0.999983,-0.00585804,0,-0.999983,-0.00585804,0,-0.999983,-0.00585804,0,-0.999983,-0.00585804,0,-0.999983,-0.00585804,0,-0.999983,-0.00585804
19,0,0,-1,0,0,-1,0,0,-1,0,0,-1,0,0,-1,0,0,-1,0,0,-1,0,0,-1,0,0,-1,0,0,-1,0,0,-1
20,0,-0.99998,-0.00637634,0,-0.99998,-0.00637634,0,-0.99998,-0.00637634,0,-0.99998,-0.00637634,0,-0.99998,-0.00637634,0,-0.99998,-0.00637634,0,-0.99998,-0.00637634,0,-0.99998,-0.00637634,0,-0.99998,-0.00637634,0,-0.99998,-0.00637634,0,-0.99998,-0.00637634
21,0.999983,0,-0.00585804,0.999983,0,-0.00585804,0.999983,0,-0.00585804,0.999983,0,-0.00585804,0.999983,0,-0.00585804,0.999983,0,-0.00585804,0.999983,0,-0.00585804,0.999983,0,-0.00585804,0.999983,0,-0.00585804,0.999983,0,-0.00585804,0.999983,0,-0.00585804
22,0,0,-1,0,0,-1,0,0,-1,0,0,-1,0,0,-1,0,0,-1,0,0,-1,0,0,-1,0,0,-1,0,0,-1,0,0,-1
23,-0.999983,-0,-0.00585804,-0.999983,-0,-0.00585804,-0.999983,-0,-0.00585804,-0.999983,-0,-0.00585804,-0.999983,-0,-0.00585804,-0.999983,-0,-0.00585804,-0.999983,-0,-0.00585804,-0.999983,-0,-0.00585804,-0.999983,-0,-0.00585804,-0.999983,-0,-0.00585804,-0.999983,-0,-0.00585804
24,0,0,-1,0,0,-1,0,0,-1,0,0,-1,0,0,-1,0,0,-1,0,0,-1,0,0,-1,0,0,-1,0,0,-1,0,0,-1
25,0,0,-1,0,0,-1,0,0,-1,0,0,-1,0,0,-1,0,0,-1,0,0,-1,0,0,-1,0,0,-1,0,0,-1,0,0,-1
26,0,0,-1,0,0,-1,0,0,-1,0,0,-1,0,0,-1,0,0,-1,0,0,-1,0,0,-1,0,0,-1,0,0,-1,0,0,-1
27,0,0,-1,0,0,-1,0,0,-1,0,0,-1,0,0,-1,0,0,-1,0,0,-1,0,0,-1,0,0,-1,0,0,-1,0,0,-1
28,0,0,-1,0,0,-1,0,0,-1,0,0,-1,0,0,-1,0,0,-1,0,0,-1,0,0,-1,0,0,-1,0,0,-1,0,0,-1
29,0,0,-1,0,0,-1,0,0,-1,0,0,-1,0,0,-1,0,0,-1,0,0,-1,0,0,-1,0,0,-1,0,0,-1,0,0,-1
30,0,0,-1,0,0,-1,0,0,-1,0,0,-1,0,0,-1,0,0,-1,0,0,-1,0,0,-1,0,0,-1,0,0,-1,0,0,-1
31,0,0,-1,0,0,-1,0,0,-1,0,0,-1,0,0,-1,0,0,-1,0,0,-1,0,0,-1,0,0,-1,0,0,-1,0,0,-1
32,0,0,-1,0,0,-1,0,0,-1,0,0,-1,0,0,-1,0,0,-1,0,0,-1,0,0,-1,0,0,-1,0,0,-1,0,0,-1
33,0.99998,0,-0.00625837,0.99998,0,-0.00625837,0.99998,0,-0.00625837,0.99998,0,-0.00625837,0.99998,0,-0.00625837,0.99998,0,-0.00625837,0.99998,0,-0.00625837,0.99998,0,-0.00625837,0.99998,0,-0.00625837,0.99998,0,-0.00625837,0.99998,0,-0.00625837
34,0,0,-1,0,0,-1,0,0,-1,0,0,-1,0,0,-1,0,0,-1,0,0,-1,0,0,-1,0,0,-1,0,0,-1,0,0,-1
35,-0.99998,-0,-0.00625837,-0.99998,-0,-0.00625837,-0.99998,-0,-0.00625837,-0.99998,-0,-0.00625837,-0.99998,-0,-0.00625837,-0.99998,-0,-0.00625837,-0.99998,-0,-0.00625837,-0.99998,-0,-0.00625837,-0.99998,-0,-0.00625837,-0.99998,-0,-0.00625837,-0.99998,-0,-0.00625837
36,0,0,-1,0,0,-1,0,0,-1,0,0,-1,0,0,-1,0,0,-1,0,0,-1,0,0,-1,0,0,-1,0,0,-1,0,0,-1
37,0,0,-1,0,0,-1,0,0,-1,0,0,-1,0,0,-1,0,0,-1,0,0,-1,0,0,-1,0,0,-1,0,0,-1,0,0,-1
38,0,0,-1,0,0,-1,0,0,-1,0,0,-1,0,0,-1,0,0,-1,0,0,-1,0,0,-1,0,0,-1,0,0,-1,0,0,-1
39,0,0,-1,0,0,-1,0,0,-1,0,0,-1,0,0,-1,0,0,-1,0,0,-1,0,0,-1,0,0,-1,0,0,-1,0,0,-1
40,0,0,-1,0,0,-1,0,0,-1,0,0,-1,0,0,-1,0,0,-1,0,0,-1,0,0,-1,0,0,-1,0,0,-1,0,0,-1
41,0,0,-1,0,0,-1,0,0,-1,0,0,-1,0,0,-1,0,0,-1,0,0,-1,0,0,-1,0,0,-1,0,0,-1,0,0,-1
42,0,0,-1,0,0,-1,0,0,-1,0,0,-1,0,0,-1,0,0,-1,0,0,-1,0,0,-1,0,0,-1,0,0,-1,0,0,-1
43,0,0,-1,0,0,-1,0,0,-1,0,0,-1,0,0,-1,0,0,-1,0,0,-1,0,0,-1,0,0,-1,0,0,-1,0,0,-1
44,0,0,-1,0,0,-1,0,0,-1,0,0,-1,0,0,-1,0,0,-1,0,0,-1,0,0,-1,0,0,-1,0,0,-1,0,0,-1
45,0.999979,0,-0.00651113,0.999979,0,-0.00651113,0.999979,0,-0.00651113,0.999979,0,-0.00651113,0.999979,0,-0.00651113,0.999979,0,-0.00651113,0.999979,0,-0.00651113,0.999979,0,-0.00651113,0.999979,0,-0.00651113,0.999979,0,-0.00651113,0.999979,0,-0.00651113
46,0,0,-1,0,0,-1,0,0,-1,0,0,-1,0,0,-1,0,0,-1,0,0,-1,0,0,-1,0,0,-1,0,0,-1,0,0,-1
47,-0.999979,-0,-0.00651113,-0.999979,-0,-0.00651113,-0.999979,-0,-0.00651113,-0.999979,-0,-0.00651113,-0.999979,-0,-0.00651113,-0.999979,-0,-0.00651113,-0.999979,-0,-0.00651113,-0.999979,-0,-0.00651113,-0.999979,-0,-0.00651113,-0.999979,-0,-0.00651113,-0.999979,-0,-0.00651113
48,0,0,-1,0,0,-1,0,0,-1,0,0,-1,0,0,-1,0,0,-1,0,0,-1,0,0,-1,0,0,-1,0,0,-1,0,0,-1
49,0,0,-1,0,0,-1,0,0,-1,0,0,-1,0,0,-1,0,0,-1,0,0,-1,0,0,-1,0,0,-1,0,0,-1,0,0,-1
50,0,0,-1,0,0,-1,0,0,-1,0,0,-1,0,0,-1,0,0,-1,0,0,-1,0,0,-1,0,0,-1,0,0,-1,0,0,-1
51,0,0,-1,0,0,-1,0,0,-1,0,0,-1,0,0,-1,0,0,-1,0,0,-1,0,0,-1,0,0,-1,0,0,-1,0,0,-1
52,0,0,-1,0,0,-1,0,0,-1,0,0,-1,0,0,-1,0,0,-1,0,0,-1,0,0,-1,0,0,-1,0,0,-1,0,0,-1
53,0,0,-1,0,0,-1,0,0,-1,0,0,-1,0,0,-1,0,0,-1,0,0,-1,0,0,-1,0,0,-1,0,0,-1,0,0,-1
54,0,0,-1,0,0,-1,0,0,-1,0,0,-1,0,0,-1,0,0,-1,0,0,-1,0,0,-1,0,0,-1,0,0,-1,0,0,-1
55,0,0,-1,0,0,-1,0,0,-1,0,0,-1,0,0,-1,0,0,-1,0,0,-1,0,0,-1,0,0,-1,0,0,-1,0,0,-1
56,0,0,-1,0,0,-1,0,0,-1,0,0,-1,0,0,-1,0,0,-1,0,0,-1,0,0,-1,0,0,-1,0,0,-1,0,0,-1
57,0.999978,0,-0.0066561,0.999978,0,-0.0066561,0.999978,0,-0.0066561,0.999978,0,-0.0066561,0.999978,0,-0.0066561,0.999978,0,-0.0066561,0.999978,0,-0.0066561,0.999978,0,-0.0066561,0.999978,0,-0.0066561,0.999978,0,-0.0066561,0.999978,0,-0.0066561
58,0,0,-1,0,0,-1,0,0,-1,0,0,-1,0,0,-1,0,0,-1,0,0,-1,0,0,-1,0,0,-1,0,0,-1,0,0,-1
59,-0.999978,-0,-0.0066561,-0.999978,-0,-0.0066561,-0.999978,-0,-0.0066561,-0.999978,-0,-0.0066561,-0.999978,-0,-0.0066561,-0.999978,-0,-0.0066561,-0.999978,-0,-0.0066561,-0.999978,-0,-0.0066561,-0.999978,-0,-0.0066561,-0.999978,-0,-0.0066561,-0.999978,-0,-0.0066561
60,0,0,-1,0,0,-1,0,0,-1,0,0,-1,0,0,-1,0,0,-1,0,0,-1,0,0,-1,0,0,-1,0,0,-1,0,0,-1
61,0,0,-1,0,0,-1,0,0,-1,0,0,-1,0,0,-1,0,0,-1,0,0,-1,0,0,-1,0,0,-1,0,0,-1,0,0,-1
62,0,0,-1,0,0,-1,0,0,-1,0,0,-1,0,0,-1,0,0,-1,0,0,-1,0,0,-1,0,0,-1,0,0,-1,0,0,-1
63,0,0,-1,0,0,-1,0,0,-1,0,0,-1,0,0,-1,0,0,-1,0,0,-1,0,0,-1,0,0,-1,0,0,-1,0,0,-1
64,0,0,-1,0,0,-1,0,0,-1,0,0,-1,0,0,-1,0,0,-1,0,0,-1,0,0,-1,0,0,-1,0,0,-1,0,0,-1
65,0,0,-1,0,0,-1,0,0,-1,0,0,-1,0,0,-1,0,0,-1,0,0,-1,0,0,-1,0,0,-1,0,0,-1,0,0,-1
66,0,0,-1,0,0,-1,0,0,-1,0,0,-1,0,0,-1,0,0,-1,0,0,-1,0,0,-1,0,0,-1,0,0,-1,0,0,-1
67,0,0,-1,0,0,-1,0,0,-1,0,0,-1,0,0,-1,0,0,-1,0,0,-1,0,0,-1,0,0,-1,0,0,-1,0,0,-1
68,0,0,-1,0,0,-1,0,0,-1,0,0,-1,0,0,-1,0,0,-1,0,0,-1,0,0,-1,0,0,-1,0,0,-1,0,0,-1
69,0.999978,0,-0.00670263,0.999978,0,-0.00670263,0.999978,0,-0.00670263,0.999978,0,-0.00670263,0.999978,0,-0.00670263,0.999978,0,-0.00670263,0.999978,0,-0.00670263,0.999978,0,-0.00670263,0.999978,0,-0.00670263,0.999978,0,-0.00670263,0.999978,0,-0.00670263
70,0,0,-1,0,0,-1,0,0,-1,0,0,-1,0,0,-1,0,0,-1,0,0,-1,0,0,-1,0,0,-1,0,0,-1,0,0,-1
71,-0.999978,-0,-0.00670263,-0.999978,-0,-0.00670263,-0.999978,-0,-0.00670263,-0.999978,-0,-0.00670263,-0.999978,-0,-0.00670263,-0.999978,-0,-0.00670263,-0.999978,-0,-0.00670263,-0.999978,-0,-0.00670263,-0.999978,-0,-0.00670263,-0.999978,-0,-0.00670263,-0.999978,-0,-0.00670263
72,0,0,-1,0,0,-1,0,0,-1,0,0,-1,0,0,-1,0,0,-1,0,0,-1,0,0,-1,0,0,-1,0,0,-1,0,0,-1
73,0,0,-1,0,0,-1,0,0,-1,0,0,-1,0,0,-1,0,0,-1,0,0,-1,0,0,-1,0,0,-1,0,0,-1,0,0,-1
74,0,0,-1,0,0,-1,0,0,-1,0,0,-1,0,0,-1,0,0,-1,0,0,-1,0,0,-1,0,0,-1,0,0,-1,0,0,-1
75,0,0,-1,0,0,-1,0,0,-1,0,0,-1,0,0,-1,0,0,-1,0,0,-1,0,0,-1,0,0,-1,0,0,-1,0,0,-1
76,0,0,-1,0,0,-1,0,0,-1,0,0,-1,0,0,-1,0,0,-1,0,0,-1,0,0,-1,0,0,-1,0,0,-1,0,0,-1
77,0,0,-1,0,0,-1,0,0,-1,0,0,-1,0,0,-1,0,0,-1,0,0,-1,0,0,-1,0,0,-1,0,0,-1,0,0,-1
78,0,0,-1,0,0,-1,0,0,-1,0,0,-1,0,0,-1,0,0,-1,0,0,-1,0,0,-1,0,0,-1,0,0,-1,0,0,-1
79,0,0,-1,0,0,-1,0,0,-1,0,0,-1,0,0,-1,0,0,-1,0,0,-1,0,0,-1,0,0,-1,0,0,-1,0,0,-1
80,0,0,-1,0,0,-1,0,0,-1,0,0,-1,0,0,-1,0,0,-1,0,0,-1,0,0,-1,0,0,-1,0,0,-1,0,0,-1
81,0.999978,0,-0.0066561,0.999978,0,-0.0066561,0.999978,0,-0.0066561,0.999978,0,-0.0066561,0.999978,0,-0.0066561,0.999978,0,-0.0066561,0.999978,0,-0.0066561,0.999978,0,-0.0066561,0.999978,0,-0.0066561,0.999978,0,-0.0066561,0.999978,0,-0.0066561
82,0,0,-1,0,0,-1,0,0,-1,0,0,-1,0,0,-1,0,0,-1,0,0,-1,0,0,-1,0,0,-1,0,0,-1,0,0,-1
83,-0.999978,-0,-0.0066561,-0.999978,-0,-0.0066561,-0.999978,-0,-0.0066561,-0.999978,-0,-0.0066561,-0.999978,-0,-0.0066561,-0.999978,-0,-0.0066561,-0.999978,-0,-0.0066561,-0.999978,-0,-0.0066561,-0.999978,-0,-0.0066561,-0.999978,-0,-0.0066561,-0.999978,-0,-0.0066561
84,0,0,-1,0,0,-1,0,0,-1,0,0,-1,0,0,-1,0,0,-1,0,0,-1,0,0,-1,0,0,-1,0,0,-1,0,0,-1
85,0,0,-1,0,0,-1,0,0,-1,0,0,-1,0,0,-1,0,0,-1,0,0,-1,0,0,-1,0,0,-1,0,0,-1,0,0,-1
86,0,0,-1,0,0,-1,0,0,-1,0,0,-1,0,0,-1,0,0,-1,0,0,-1,0,0,-1,0,0,-1,0,0,-1,0,0,-1
87,0,0,-1,0,0,-1,0,0,-1,0,0,-1,0,0,-1,0,0,-1,0,0,-1,0,0,-1,0,0,-1,0,0,-1,0,0,-1
88,0,0,-1,0,0,-1,0,0,-1,0,0,-1,0,0,-1,0,0,-1,0,0,-1,0,0,-1,0,0,-1,0,0,-1,0,0,-1
89,0,0,-1,0,0,-1,0,0,-1,0,0,-1,0,0,-1,0,0,-1,0,0,-1,0,0,-1,0,0,-1,0,0,-1,0,0,-1
90,0,0,-1,0,0,-1,0,0,-1,0,0,-1,0,0,-1,0,0,-1,0,0,-1,0,0,-1,0,0,-1,0,0,-1,0,0,-1
91,0,0,-1,0,0,-1,0,0,-1,0,0,-1,0,0,-1,0,0,-1,0,0,-1,0,0,-1,0,0,-1,0,0,-1,0,0,-1
92,0,0,-1,0,0,-1,0,0,-1,0,0,-1,0,0,-1,0,0,-1,0,0,-1,0,0,-1,0,0,-1,0,0,-1,0,0,-1
93,0.999979,0,-0.00651113,0.999979,0,-0.00651113,0.999979,0,-0.00651113,0.999979,0,-0.00651113,0.999979,0,-0.00651113,0.999979,0,-0.00651113,0.999979,0,-0.00651113,0.999979,0,-0.00651113,0.999979,0,-0.00651113,0.999979,0,-0.00651113,0.999979,0,-0.00651113
94,0,0,-1,0,0,-1,0,0,-1,0,0,-1,0,0,-1,0,0,-1,0,0,-1,0,0,-1,0,0,-1,0,0,-1,0,0,-1
95,-0.999979,-0,-0.00651113,-0.999979,-0,-0.00651113,-0.999979,-0,-0.00651113,-0.999979,-0,-0.00651113,-0.999979,-0,-0.00651113,-0.999979,-0,-0.00651113,-0.999979,-0,-0.00651113,-0.999979,-0,-0.00651113,-0.999979,-0,-0.00651113,-0.999979,-0,-0.00651113,-0.999979,-0,-0.00651113
96,0,0,-1,0,0,-1,0,0,-1,0,0,-1,0,0,-1,0,0,-1,0,0,-1,0,0,-1,0,0,-1,0,0,-1,0,0,-1
97,0,0,-1,0,0,-1,0,0,-1,0,0,-1,0,0,-1,0,0,-1,0,0,-1,0,0,-1,0,0,-1,0,0,-1,0,0,-1
98,0,0,-1,0,0,-1,0,0,-1,0,0,-1,0,0,-1,0,0,-1,0,0,-1,0,0,-1,0,0,-1,0,0,-1,0,0,-1
99,0,0,-1,0,0,-1,0,0,-1,0,0,-1,0,0,-1,0,0,-1,0,0,-1,0,0,-1,0,0,-1,0,0,-1,0,0,-1
100,0,0,-1,0,0,-1,0,0,-1,0,0,-1,0,0,-1,0,0,-1,0,0,-1,0,0,-1,0,0,-1,0,0,-1,0,0,-1
101,0,0,-1,0,0,-1,0,0,-1,0,0,-1,0,0,-1,0,0,-1,0,0,-1,0,0,-1,0,0,-1,0,0,-1,0,0,-1
102,0,0,-1,0,0,-1,0,0,-1,0,0,-1,0,0,-1,0,0,-1,0,0,-1,0,0,-1,0,0,-1,0,0,-1,0,0,-1
103,0,0,-1,0,0,-1,0,0,-1,0,0,-1,0,0,-1,0,0,-1,0,0,-1,0,0,-1,0,0,-1,0,0,-1,0,0,-1
104,0,0,-1,0,0,-1,0,0,-1,0,0,-1,0,0,-1,0,0,-1,0,0,-1,0,0,-1,0,0,-1,0,0,-1,0,0,-1
105,0.99998,0,-0.00625837,0.99998,0,-0.00625837,0.99998,0,-0.00625837,0.99998,0,-0.00625837,0.99998,0,-0.00625837,0.99998,0,-0.00625837,0.99998,0,-0.00625837,0.99998,0,-0.00625837,0.99998,0,-0.00625837,0.99998,0,-0.00625837,0.99998,0,-0.00625837
106,0,0,-1,0,0,-1,0,0,-1,0,0,-1,0,0,-1,0,0,-1,0,0,-1,0,0,-1,0,0,-1,0,0,-1,0,0,-1
107,-0.99998,-0,-0.00625837,-0.99998,-0,-0.00625837,-0.99998,-0,-0.00625837,-0.99998,-0,-0.00625837,-0.99998,-0,-0.00625837,-0.99998,-0,-0.00625837,-0.99998,-0,-0.00625837,-0.99998,-0,-0.00625837,-0.99998,-0,-0.00625837,-0.99998,-0,-0.00625837,-0.99998,-0,-0.00625837
108,0,0,-1,0,0,-1,0,0,-1,0,0,-1,0,0,-1,0,0,-1,0,0,-1,0,0,-1,0,0,-1,0,0,-1,0,0,-1
109,0,0,-1,0,0,-1,0,0,-1,0,0,-1,0,0,-1,0,0,-1,0,0,-1,0,0,-1,0,0,-1,0,0,-1,0,0,-1
110,0,0,-1,0,0,-1,0,0,-1,0,0,-1,0,0,-1,0,0,-1,0,0,-1,0,0,-1,0,0,-1,0,0,-1,0,0,-1
111,0,0,-1,0,0,-1,0,0,-1,0,0,-1,0,0,-1,0,0,-1,0,0,-1,0,0,-1,0,0,-1,0,0,-1,0,0,-1
112,0,0,-1,0,0,-1,0,0,-1,0,0,-1,0,0,-1,0,0,-1,0,0,-1,0,0,-1,0,0,-1,0,0,-1,0,0,-1
113,0,0,-1,0,0,-1,0,0,-1,0,0,-1,0,0,-1,0,0,-1,0,0,-1,0,0,-1,0,0,-1,0,0,-1,0,0,-1
114,0,0,-1,0,0,-1,0,0,-1,0,0,-1,0,0,-1,0,0,-1,0,0,-1,0,0,-1,0,0,-1,0,0,-1,0,0,-1
115,0,0,-1,0,0,-1,0,0,-1,0,0,-1,0,0,-1,0,0,-1,0,0,-1,0,0,-1,0,0,-1,0,0,-1,0,0,-1
116,0,0,-1,0,0,-1,0,0,-1,0,0,-1,0,0,-1,0,0,-1,0,0,-1,0,0,-1,0,0,-1,0,0,-1,0,0,-1
117,0.999983,0,-0.00585804,0.999983,0,-0.00585804,0.999983,0,-0.00585804,0.999983,0,-0.00585804,0.999983,0,-0.00585804,0.999983,0,-0.00585804,0.999983,0,-0.00585804,0.999983,0,-0.00585804,0.999983,0,-0.00585804,0.999983,0,-0.00585804,0.999983,0,-0.00585804
118,0,0,-1,0,0,-1,0,0,-1,0,0,-1,0,0,-1,0,0,-1,0,0,-1,0,0,-1,0,0,-1,0,0,-1,0,0,-1
119,0,0.99998,-0.00637634,0,0.99998,-0.00637634,0,0.99998,-0.00637634,0,0.99998,-0.00637634,0,0.99998,-0.00637634,0,0.99998,-0.00637634,0,0.99998,-0.00637634,0,0.99998,-0.00637634,0,0.99998,-0.00637634,0,0.99998,-0.00637634,0,0.99998,-0.00637634
120,-0.999983,-0,-0.00585804,-0.999983,-0,-0.00585804,-0.999983,-0,-0.00585804,-0.999983,-0,-0.00585804,-0.999983,-0,-0.00585804,-0.999983,-0,-0.00585804,-0.999983,-0,-0.00585804,-0.999983,-0,-0.00585804,-0.999983,-0,-0.00585804,-0.999983,-0,-0.00585804,-0.999983,-0,-0.00585804
121,0,0,-1,0,0,-1,0,0,-1,0,0,-1,0,0,-1,0,0,-1,0,0,-1,0,0,-1,0,0,-1,0,0,-1,0,0,-1
122,0,0.999983,-0.00585804,0,0.999983,-0.00585804,0,0.999983,-0.00585804,0,0.999983,-0.00585804,0,0.999983,-0.00585804,0,0.999983,-0.00585804,0,0.999983,-0.00585804,0,0.999983,-0.00585804,0,0.999983,-0.00585804,0,0.999983,-0.00585804,0,0.999983,-0.00585804
123,0,0,-1,0,0,-1,0,0,-1,0,0,-1,0,0,-1,0,0,-1,0,0,-1,0,0,-1,0,0,-1,0,0,-1,0,0,-1
124,0,0.99998,-0.00625837,0,0.99998,-0.00625837,0,0.99998,-0.00625837,0,0.99998,-0.00625837,0,0.99998,-0.00625837,0,0.99998,-0.00625837,0,0.99998,-0.00625837,0,0.99998,-0.00625837,0,0.99998,-0.00625837,0,0.99998,-0.00625837,0,0.99998,-0.00625837
125,0,0,-1,0,0,-1,0,0,-1,0,0,-1,0,0,-1,0,0,-1,0,0,-1,0,0,-1,0,0,-1,0,0,-1,0,0,-1
126,0,0.999979,-0.00651113,0,0.999979,-0.00651113,0,0.999979,-0.00651113,0,0.999979,-0.00651113,0,0.999979,-0.00651113,0,0.999979,-0.00651113,0,0.999979,-0.00651113,0,0.999979,-0.00651113,0,0.999979,-0.00651113,0,0.999979,-0.00651113,0,0.999979,-0.00651113
127,0,0,-1,0,0,-1,0,0,-1,0,0,-1,0,0,-1,0,0,-1,0,0,-1,0,0,-1,0,0,-1,0,0,-1,0,0,-1
128,0,0.999978,-0.0066561,0,0.999978,-0.0066561,0,0.999978,-0.0066561,0,0.999978,-0.0066561,0,0.999978,-0.0066561,0,0.999978,-0.0066561,0,0.999978,-0.0066561,0,0.999978,-0.0066561,0,0.999978,-0.0066561,0,0.999978,-0.0066561,0,0.999978,-0.0066561
129,0,0,-1,0,0,-1,0,0,-1,0,0,-1,0,0,-1,0,0,-1,0,0,-1,0,0,-1,0,0,-1,0,0,-1,0,0,-1
130,0,0.999978,-0.00670263,0,0.999978,-0.00670263,0,0.999978,-0.00670263,0,0.999978,-0.00670263,0,0.999978,-0.00670263,0,0.999978,-0.00670263,0,0.999978,-0.00670263,0,0.999978,-0.00670263,0,0.999978,-0.00670263,0,0.999978,-0.00670263,0,0.999978,-0.00670263
131,0,0,-1,0,0,-1,0,0,-1,0,0,-1,0,0,-1,0,0,-1,0,0,-1,0,0,-1,0,0,-1,0,0,-1,0,0,-1
132,0,0.999978,-0.0066561,0,0.999978,-0.0066561,0,0.999978,-0.0066561,0,0.999978,-0.0066561,0,0.999978,-0.0066561,0,0.999978,-0.0066561,0,0.999978,-0.0066561,0,0.999978,-0.0066561,0,0.999978,-0.0066561,0,0.999978,-0.0066561,0,0.999978,-0.0066561
133,0,0,-1,0,0,-1,0,0,-1,0,0,-1,0,0,-1,0,0,-1,0,0,-1,0,0,-1,0,0,-1,0,0,-1,0,0,-1
134,0,0.999979,-0.00651113,0,0.999979,-0.00651113,0,0.999979,-0.00651113,0,0.999979,-0.00651113,0,0.999979,-0.00651113,0,0.999979,-0.00651113,0,0.999979,-0.00651113,0,0.999979,-0.00651113,0,0.999979,-0.00651113,0,0.999979,-0.00651113,0,0.999979,-0.00651113
135,0,0,-1,0,0,-1,0,0,-1,0,0,-1,0,0,-1,0,0,-1,0,0,-1,0,0,-1,0,0,-1,0,0,-1,0,0,-1
136,0,0.99998,-0.00625837,0,0.99998,-0.00625837,0,0.99998,-0.00625837,0,0.99998,-0.00625837,0,0.99998,-0.00625837,0,0.99998,-0.00625837,0,0.99998,-0.00625837,0,0.99998,-0.00625837,0,0.99998,-0.00625837,0,0.99998,-0.00625837,0,0.99998,-0.00625837
137,0,0,-1,0,0,-1,0,0,-1,0,0,-1,0,0,-1,0,0,-1,0,0,-1,0,0,-1,0,0,-1,0,0,-1,0,0,-1
138,0.99998,0,-0.00637634,0.99998,0,-0.00637634,0.99998,0,-0.00637634,0.99998,0,-0.00637634,0.99998,0,-0.00637634,0.99998,0,-0.00637634,0.99998,0,-0.00637634,0.99998,0,-0.00637634,0.99998,0,-0.00637634,0.99998,0,-0.00637634,0.99998,0,-0.00637634
139,0,0.999983,-0.00585804,0,0.999983,-0.00585804,0,0.999983,-0.00585804,0,0.999983,-0.00585804,0,0.999983,-0.00585804,0,0.999983,-0.00585804,0,0.999983,-0.00585804,0,0.999983,-0.00585804,0,0.999983,-0.00585804,0,0.999983,-0.00585804,0,0.999983,-0.00585804
140,0,0,-1,0,0,-1,0,0,-1,0,0,-1,0,0,-1,0,0,-1,0,0,-1,0,0,-1,0,0,-1,0,0,-1,0,0,-1
141,0.000512971,-0.999995,-0.00305897,0.000512971,-0.999995,-0.00305897,0.000512971,-0.999995,-0.00305897,0.000512971,-0.999995,-0.00305897,0.000512971,-0.999995,-0.00305897,0.000512971,-0.999995,-0.00305897,0.000512971,-0.999995,-0.00305897,0.000512971,-0.999995,-0.00305897,0.000512971,-0.999995,-0.00305897,0.000512971,-0.999995,-0.00305897,0.000512971,-0.999995,-0.00305897
142,-0.999997,0.000512402,-0.00240065,-0.999997,0.000512402,-0.00240065,-0.999997,0.000512402,-0.00240065,-0.999997,0.000512402,-0.00240065,-0.999997,0.000512402,-0.00240065,-0.999997,0.000512402,-0.00240065,-0.999997,0.000512402,-0.00240065,-0.999997,0.000512402,-0.00240065,-0.999997,0.000512402,-0.00240065,-0.999997,0.000512402,-0.00240065,-0.999997,0.000512402,-0.00240065
143,-0.000399079,-0.999996,-0.00275714,-0.000399079,-0.999996,-0.00275714,-0.000399079,-0.999996,-0.00275714,-0.000399079,-0.999996,-0.00275714,-0.000399079,-0.999996,-0.00275714,-0.000399079,-0.999996,-0.00275714,-0.000399079,-0.999996,-0.00275714,-0.000399079,-0.999996,-0.00275714,-0.000399079,-0.999996,-0.00275714,-0.000399079,-0.999996,-0.00275714,-0.000399079,-0.999996,-0.00275714
144,-0.000252197,-0.999996,-0.00277422,-0.000252197,-0.999996,-0.00277422,-0.000252197,-0.999996,-0.00277422,-0.000252197,-0.999996,-0.00277422,-0.000252197,-0.999996,-0.00277422,-0.000252197,-0.999996,-0.00277422,-0.000252197,-0.999996,-0.00277422,-0.000252197,-0.999996,-0.00277422,-0.000252197,-0.999996,-0.00277422,-0.000252197,-0.999996,-0.00277422,-0.000252197,-0.999996,-0.00277422
145,-0.000144617,-0.999996,-0.00279707,-0.000144617,-0.999996,-0.00279707,-0.000144617,-0.999996,-0.00279707,-0.000144617,-0.999996,-0.00279707,-0.000144617,-0.999996,-0.00279707,-0.000144617,-0.999996,-0.00279707,-0.000144617,-0.999996,-0.00279707,-0.000144617,-0.999996,-0.00279707,-0.000144617,-0.999996,-0.00279707,-0.000144617,-0.999996,-0.00279707,-0.000144617,-0.999996,-0.00279707
146,-4.64216e-05,-0.999996,-0.00280947,-4.64216e-05,-0.999996,-0.00280947,-4.64216e-05,-0.999996,-0.00280947,-4.64216e-05,-0.999996,-0.00280947,-4.64216e-05,-0.999996,-0.00280947,-4.64216e-05,-0.999996,-0.00280947,-4.64216e-05,-0.999996,-0.00280947,-4.64216e-05,-0.999996,-0.00280947,-4.64216e-05,-0.999996,-0.00280947,-4.64216e-05,-0.999996,-0.00280947,-4.64216e-05,-0.999996,-0.00280947
147,4.64218e-05,-0.999996,-0.00279701,4.64218e-05,-0.999996,-0.00279701,4.64218e-05,-0.999996,-0.00279701,4.64218e-05,-0.999996,-0.00279701,4.64218e-05,-0.999996,-0.00279701,4.64218e-05,-0.999996,-0.00279701,4.64218e-05,-0.999996,-0.00279701,4.64218e-05,-0.999996,-0.00279701,4.64218e-05,-0.999996,-0.00279701,4.64218e-05,-0.999996,-0.00279701,4.64218e-05,-0.999996,-0.00279701
148,0.000144617,-0.999996,-0.00277408,0.000144617,-0.999996,-0.00277408,0.000144617,-0.999996,-0.00277408,0.000144617,-0.999996,-0.00277408,0.000144617,-0.999996,-0.00277408,0.000144617,-0.999996,-0.00277408,0.000144617,-0.999996,-0.00277408,0.000144617,-0.999996,-0.00277408,0.000144617,-0.999996,-0.00277408,0.000144617,-0.999996,-0.00277408,0.000144617,-0.999996,-0.00277408
149,0.000252199,-0.999996,-0.00275685,0.000252199,-0.999996,-0.00275685,0.000252199,-0.999996,-0.00275685,0.000252199,-0.999996,-0.00275685,0.000252199,-0.999996,-0.00275685,0.000252199,-0.999996,-0.00275685,0.000252199,-0.999996,-0.00275685,0.000252199,-0.999996,-0.00275685,0.000252199,-0.999996,-0.00275685,0.000252199,-0.999996,-0.00275685,0.000252199,-0.999996,-0.00275685
150,0.000399046,-0.999995,-0.0030612,0.000399046,-0.999995,-0.0030612,0.000399046,-0.999995,-0.0030612,0.000399046,-0.999995,-0.0030612,0.000399046,-0.999995,-0.0030612,0.000399046,-0.999995,-0.0030612,0.000399046,-0.999995,-0.0030612,0.000399046,-0.999995,-0.0030612,0.000399046,-0.999995,-0.0030612,0.000399046,-0.999995,-0.0030612,0.000399046,-0.999995,-0.0030612
151,-0.000512402,-0.999997,-0.00240065,-0.000512402,-0.999997,-0.00240065,-0.000512402,-0.999997,-0.00240065,-0.000512402,-0.999997,-0.00240065,-0.000512402,-0.999997,-0.00240065,-0.000512402,-0.999997,-0.00240065,-0.000512402,-0.999997,-0.00240065,-0.000512402,-0.999997,-0.00240065,-0.000512402,-0.999997,-0.00240065,-0.000512402,-0.999997,-0.00240065,-0.000512402,-0.999997,-0.00240065
152,0.999995,0.000512971,-0.00305897,0.999995,0.000512971,-0.00305897,0.999995,0.000512971,-0.00305897,0.999995,0.000512971,-0.00305897,0.999995,0.000512971,-0.00305897,0.999995,0.000512971,-0.00305897,0.999995,0.000512971,-0.00305897,0.999995,0.000512971,-0.00305897,0.999995,0.000512971,-0.00305897,0.999995,0.000512971,-0.00305897,0.999995,0.000512971,-0.00305897
153,-0.999995,-0.000399046,-0.0030612,-0.999995,-0.000399046,-0.0030612,-0.999995,-0.000399046,-0.0030612,-0.999995,-0.000399046,-0.0030612,-0.999995,-0.000399046,-0.0030612,-0.999995,-0.000399046,-0.0030612,-0.999995,-0.000399046,-0.0030612,-0.999995,-0.000399046,-0.0030612,-0.999995,-0.000399046,-0.0030612,-0.999995,-0.000399046,-0.0030612,-0.999995,-0.000399046,-0.0030612
154,0.999996,-0.000399079,-0.00275714,0.999996,-0.000399079,-0.00275714,0.999996,-0.000399079,-0.00275714,0.999996,-0.000399079,-0.00275714,0.999996,-0.000399079,-0.00275714,0.999996,-0.000399079,-0.00275714,0.999996,-0.000399079,-0.00275714,0.999996,-0.000399079,-0.00275714,0.999996,-0.000399079,-0.00275714,0.999996,-0.000399079,-0.00275714,0.999996,-0.000399079,-0.00275714
155,-0.999996,-0.000252199,-0.00275685,-0.999996,-0.000252199,-0.00275685,-0.999996,-0.000252199,-0.00275685,-0.999996,-0.000252199,-0.00275685,-0.999996,-0.000252199,-0.00275685,-0.999996,-0.000252199,-0.00275685,-0.999996,-0.000252199,-0.00275685,-0.999996,-0.000252199,-0.00275685,-0.999996,-0.000252199,-0.00275685,-0.999996,-0.000252199,-0.00275685,-0.999996,-0.000252199,-0.00275685
156,0.999996,-0.000252197,-0.00277422,0.999996,-0.000252197,-0.00277422,0.999996,-0.000252197,-0.00277422,0.999996,-0.000252197,-0.00277422,0.999996,-0.000252197,-0.00277422,0.999996,-0.000252197,-0.00277422,0.999996,-0.000252197,-0.00277422,0.999996,-0.000252197,-0.00277422,0.999996,-0.000252197,-0.00277422,0.999996,-0.000252197,-0.00277422,0.999996,-0.000252197,-0.00277422
157,-0.999996,-0.000144617,-0.00277408,-0.999996,-0.000144617,-0.00277408,-0.999996,-0.000144617,-0.00277408,-0.999996,-0.000144617,-0.00277408,-0.999996,-0.000144617,-0.00277408,-0.999996,-0.000144617,-0.00277408,-0.999996,-0.000144617,-0.00277408,-0.999996,-0.000144617,-0.00277408,-0.999996,-0.000144617,-0.00277408,-0.999996,-0.000144617,-0.00277408,-0.999996,-0.000144617,-0.00277408
158,0.999996,-0.000144617,-0.00279707,0.999996,-0.000144617,-0.00279707,0.999996,-0.000144617,-0.00279707,0.999996,-0.000144617,-0.00279707,0.999996,-0.000144617,-0.00279707,0.999996,-0.000144617,-0.00279707,0.999996,-0.000144617,-0.00279707,0.999996,-0.000144617,-0.00279707,0.999996,-0.000144617,-0.00279707,0.999996,-0.000144617,-0.00279707,0.999996,-0.000144617,-0.00279707
159,-0.999996,-4.64218e-05,-0.00279701,-0.999996,-4.64218e-05,-0.00279701,-0.999996,-4.64218e-05,-0.00279701,-0.999996,-4.64218e-05,-0.00279701,-0.999996,-4.64218e-05,-0.00279701,-0.999996,-4.64218e-05,-0.00279701,-0.999996,-4.64218e-05,-0.00279701,-0.999996,-4.64218e-05,-0.00279701,-0.999996,-4.64218e-05,-0.00279701,-0.999996,-4.64218e-05,-0.00279701,-0.999996,-4.64218e-05,-0.00279701
160,0.999996,-4.64216e-05,-0.00280947,0.999996,-4.64216e-05,-0.00280947,0.999996,-4.64216e-05,-0.00280947,0.999996,-4.64216e-05,-0.00280947,0.999996,-4.64216e-05,-0.00280947,0.999996,-4.64216e-05,-0.00280947,0.999996,-4.64216e-05,-0.00280947,0.999996,-4.64216e-05,-0.00280947,0.999996,-4.64216e-05,-0.00280947,0.999996,-4.64216e-05,-0.00280947,0.999996,-4.64216e-05,-0.00280947
161,-0.999996,4.64216e-05,-0.00280947,-0.999996,4.64216e-05,-0.00280947,-0.999996,4.64216e-05,-0.00280947,-0.999996,4.64216e-05,-0.00280947,-0.999996,4.64216e-05,-0.00280947,-0.999996,4.64216e-05,-0.00280947,-0.999996,4.64216e-05,-0.00280947,-0.999996,4.64216e-05,-0.00280947,-0.999996,4.64216e-05,-0.00280947,-0.999996,4.64216e-05,-0.00280947,-0.999996,4.64216e-05,-0.00280947
162,0.999996,4.64218e-05,-0.00279701,0.999996,4.64218e-05,-0.00279701,0.999996,4.64218e-05,-0.00279701,0.999996,4.64218e-05,-0.00279701,0.999996,4.64218e-05,-0.00279701,0.999996,4.64218e-05,-0.00279701,0.999996,4.64218e-05,-0.00279701,0.999996,4.64218e-05,-0.00279701,0.999996,4.64218e-05,-0.00279701,0.999996,4.64218e-05,-0.00279701,0.999996,4.64218e-05,-0.00279701
163,-0.999996,0.000144617,-0.00279707,-0.999996,0.000144617,-0.00279707,-0.999996,0.000144617,-0.00279707,-0.999996,0.000144617,-0.00279707,-0.999996,0.000144617,-0.00279707,-0.999996,0.000144617,-0.00279707,-0.999996,0.000144617,-0.00279707,-0.999996,0.000144617,-0.00279707,-0.999996,0.000144617,-0.00279707,-0.999996,0.000144617,-0.00279707,-0.999996,0.000144617,-0.00279707
164,0.999996,0.000144617,-0.00277408,0.999996,0.000144617,-0.00277408,0.999996,0.000144617,-0.00277408,0.999996,0.000144617,-0.00277408,0.999996,0.000144617,-0.00277408,0.999996,0.000144617,-0.00277408,0.999996,0.000144617,-0.00277408,0.999996,0.000144617,-0.00277408,0.999996,0.000144617,-0.00277408,0.999996,0.000144617,-0.00277408,0.999996,0.000144617,-0.00277408
165,-0.999996,0.000252197,-0.00277422,-0.999996,0.000252197,-0.00277422,-0.999996,0.000252197,-0.00277422,-0.999996,0.000252197,-0.00277422,-0.999996,0.000252197,-0.00277422,-0.999996,0.000252197,-0.00277422,-0.999996,0.000252197,-0.00277422,-0.999996,0.000252197,-0.00277422,-0.999996,0.000252197,-0.00277422,-0.999996,0.000252197,-0.00277422,-0.999996,0.000252197,-0.00277422
166,0.999996,0.000252199,-0.00275685,0.999996,0.000252199,-0.00275685,0.999996,0.000252199,-0.00275685,0.999996,0.000252199,-0.00275685,0.999996,0.000252199,-0.00275685,0.999996,0.000252199,-0.00275685,0.999996,0.000252199,-0.00275685,0.999996,0.000252199,-0.00275685,0.999996,0.000252199,-0.00275685,0.999996,0.000252199,-0.00275685,0.999996,0.000252199,-0.00275685
167,-0.999996,0.000399079,-0.00275714,-0.999996,0.000399079,-0.00275714,-0.999996,0.000399079,-0.00275714,-0.999996,0.000399079,-0.00275714,-0.999996,0.000399079,-0.00275714,-0.999996,0.000399079,-0.00275714,-0.999996,0.000399079,-0.00275714,-0.999996,0.000399079,-0.00275714,-0.999996,0.000399079,-0.00275714,-0.999996,0.000399079,-0.00275714,-0.999996,0.000399079,-0.00275714
168,0.999995,0.000399046,-0.0030612,0.999995,0.000399046,-0.0030612,0.999995,0.000399046,-0.0030612,0.999995,0.000399046,-0.0030612,0.999995,0.000399046,-0.0030612,0.999995,0.000399046,-0.0030612,0.999995,0.000399046,-0.0030612,0.999995,0.000399046,-0.0030612,0.999995,0.000399046,-0.0030612,0.999995,0.000399046,-0.0030612,0.999995,0.000399046,-0.0030612
169,0.000512402,0.999997,-0.00240065,0.000512402,0.999997,-0.00240065,0.000512402,0.999997,-0.00240065,0.000512402,0.999997,-0.00240065,0.000512402,0.999997,-0.00240065,0.000512402,0.999997,-0.00240065,0.000512402,0.999997,-0.00240065,0.000512402,0.999997,-0.00240065,0.000512402,0.999997,-0.00240065,0.000512402,0.999997,-0.00240065,0.000512402,0.999997,-0.00240065
170,-0.999995,-0.000512971,-0.00305897,-0.999995,-0.000512971,-0.00305897,-0.999995,-0.000512971,-0.00305897,-0.999995,-0.000512971,-0.00305897,-0.999995,-0.000512971,-0.00305897,-0.999995,-0.000512971,-0.00305897,-0.999995,-0.000512971,-0.00305897,-0.999995,-0.000512971,-0.00305897,-0.999995,-0.000512971,-0.00305897,-0.999995,-0.000512971,-0.00305897,-0.999995,-0.000512971,-0.00305897
171,-0.000399046,0.999995,-0.0030612,-0.000399046,0.999995,-0.0030612,-0.000399046,0.999995,-0.0030612,-0.000399046,0.999995,-0.0030612,-0.000399046,0.999995,-0.0030612,-0.000399046,0.999995,-0.0030612,-0.000399046,0.999995,-0.0030612,-0.000399046,0.999995,-0.0030612,-0.000399046,0.999995,-0.0030612,-0.000399046,0.999995,-0.0030612,-0.000399046,0.999995,-0.0030612
172,-0.000252199,0.999996,-0.00275685,-0.000252199,0.999996,-0.00275685,-0.000252199,0.999996,-0.00275685,-0.000252199,0.999996,-0.00275685,-0.000252199,0.999996,-0.00275685,-0.000252199,0.999996,-0.00275685,-0.000252199,0.999996,-0.00275685,-0.000252199,0.999996,-0.00275685,-0.000252199,0.999996,-0.00275685,-0.000252199,0.999996,-0.00275685,-0.000252199,0.999996,-0.00275685
173,-0.000144617,0.999996,-0.00277408,-0.000144617,0.999996,-0.00277408,-0.000144617,0.999996,-0.00277408,-0.000144617,0.999996,-0.00277408,-0.000144617,0.999996,-0.00277408,-0.000144617,0.999996,-0.00277408,-0.000144617,0.999996,-0.00277408,-0.000144617,0.999996,-0.00277408,-0.000144617,0.999996,-0.00277408,-0.000144617,0.999996,-0.00277408,-0.000144617,0.999996,-0.00277408
174,-4.64218e-05,0.999996,-0.00279701,-4.64218e-05,0.999996,-0.00279701,-4.64218e-05,0.999996,-0.00279701,-4.64218e-05,0.999996,-0.00279701,-4.64218e-05,0.999996,-0.00279701,-4.64218e-05,0.999996,-0.00279701,-4.64218e-05,0.999996,-0.00279701,-4.64218e-05,0.999996,-0.00279701,-4.64218e-05,0.999996,-0.00279701,-4.64218e-05,0.999996,-0.00279701,-4.64218e-05,0.999996,-0.00279701
175,4.64216e-05,0.999996,-0.00280947,4.64216e-05,0.999996,-0.00280947,4.64216e-05,0.999996,-0.00280947,4.64216e-05,0.999996,-0.00280947,4.64216e-05,0.999996,-0.00280947,4.64216e-05,0.999996,-0.00280947,4.64216e-05,0.999996,-0.00280947,4.64216e-05,0.999996,-0.00280947,4.64216e-05,0.999996,-0.00280947,4.64216e-05,0.999996,-0.00280947,4.64216e-05,0.999996,-0.00280947
176,0.000144617,0.999996,-0.00279707,0.000144617,0.999996,-0.00279707,0.000144617,0.999996,-0.00279707,0.000144617,0.999996,-0.00279707,0.000144617,0.999996,-0.00279707,0.000144617,0.999996,-0.00279707,0.000144617,0.999996,-0.00279707,0.000144617,0.999996,-0.00279707,0.000144617,0.999996,-0.00279707,0.000144617,0.999996,-0.00279707,0.000144617,0.999996,-0.00279707
177,0.000252197,0.999996,-0.00277422,0.000252197,0.999996,-0.00277422,0.000252197,0.999996,-0.00277422,0.000252197,0.999996,-0.00277422,0.000252197,0.999996,-0.00277422,0.000252197,0.999996,-0.00277422,0.000252197,0.999996,-0.00277422,0.000252197,0.999996,-0.00277422,0.000252197,0.999996,-0.00277422,0.000252197,0.999996,-0.00277422,0.000252197,0.999996,-0.00277422
178,0.000399079,0.999996,-0.00275714,0.000399079,0.999996,-0.00275714,0.000399079,0.999996,-0.00275714,0.000399079,0.999996,-0.00275714,0.000399079,0.999996,-0.00275714,0.000399079,0.999996,-0.00275714,0.000399079,0.999996,-0.00275714,0.000399079,0.999996,-0.00275714,0.000399079,0.999996,-0.00275714,0.000399079,0.999996,-0.00275714,0.000399079,0.999996,-0.00275714
179,0.999997,-0.000512402,-0.00240065,0.999997,-0.000512402,-0.00240065,0.999997,-0.000512402,-0.00240065,0.999997,-0.000512402,-0.00240065,0.999997,-0.000512402,-0.00240065,0.999997,-0.000512402,-0.00240065,0.999997,-0.000512402,-0.00240065,0.999997,-0.000512402,-0.00240065,0.999997,-0.000512402,-0.00240065,0.999997,-0.000512402,-0.00240065,0.999997,-0.000512402,-0.00240065
180,-0.000512971,0.999995,-0.00305897,-0.000512971,0.999995,-0.00305897,-0.000512971,0.999995,-0.00305897,-0.000512971,0.999995,-0.00305897,-0.000512971,0.999995,-0.00305897,-0.000512971,0.999995,-0.00305897,-0.000512971,0.999995,-0.00305897,-0.000512971,0.999995,-0.00305897,-0.000512971,0.999995,-0.00305897,-0.000512971,0.999995,-0.00305897,-0.000512971,0.999995,-0.00305897
181,-0.000142783,-0.999999,-0.00149395,-0.000142783,-0.999999,-0.00149395,-0.000142783,-0.999999,-0.00149395,-0.000142783,-0.999999,-0.00149395,-0.000142783,-0.999999,-0.00149395,-0.000142783,-0.999999,-0.00149395,-0.000142783,-0.999999,-0.00149395,-0.000142783,-0.999999,-0.00149395,-0.000142783,-0.999999,-0.00149395,-0.000142783,-0.999999,-0.00149395,-0.000142783,-0.999999,-0.00149395
182,-0.999999,-0.000142944,-0.00135778,-0.999999,-0.000142944,-0.00135778,-0.999999,-0.000142944,-0.00135778,-0.999999,-0.000142944,-0.00135778,-0.999999,-0.000142944,-0.00135778,-0.999999,-0.000142944,-0.00135778,-0.999999,-0.000142944,-0.00135778,-0.999999,-0.000142944,-0.00135778,-0.999999,-0.000142944,-0.00135778,-0.999999,-0.000142944,-0.00135778,-0.999999,-0.000142944,-0.00135778
183,-9.74632e-05,-0.999999,-0.00153676,-9.74632e-05,-0.999999,-0.00153676,-9.74632e-05,-0.999999,-0.00153676,-9.74632e-05,-0.999999,-0.00153676,-9.74632e-05,-0.999999,-0.00153676,-9.74632e-05,-0.999999,-0.00153676,-9.74632e-05,-0.999999,-0.00153676,-9.74632e-05,-0.999999,-0.00153676,-9.74632e-05,-0.999999,-0.00153676,-9.74632e-05,-0.999999,-0.00153676,-9.74632e-05,-0.999999,-0.00153676
184,-0.000269793,-0.999999,-0.00144513,-0.000269793,-0.999999,-0.00144513,-0.000269793,-0.999999,-0.00144513,-0.000269793,-0.999999,-0.00144513,-0.000269793,-0.999999,-0.00144513,-0.000269793,-0.999999,-0.00144513,-0.000269793,-0.999999,-0.00144513,-0.000269793,-0.999999,-0.00144513,-0.000269793,-0.999999,-0.00144513,-0.000269793,-0.999999,-0.00144513,-0.000269793,-0.999999,-0.00144513
185,-0.000167653,-0.999999,-0.00142033,-0.000167653,-0.999999,-0.00142033,-0.000167653,-0.999999,-0.00142033,-0.000167653,-0.999999,-0.00142033,-0.000167653,-0.999999,-0.00142033,-0.000167653,-0.999999,-0.00142033,-0.000167653,-0.999999,-0.00142033,-0.000167653,-0.999999,-0.00142033,-0.000167653,-0.999999,-0.00142033,-0.000167653,-0.999999,-0.00142033,-0.000167653,-0.999999,-0.00142033
186,-5.88697e-05,-0.999999,-0.00141184,-5.88697e-05,-0.999999,-0.00141184,-5.88697e-05,-0.999999,-0.00141184,-5.88697e-05,-0.999999,-0.00141184,-5.88697e-05,-0.999999,-0.00141184,-5.88697e-05,-0.999999,-0.00141184,-5.88697e-05,-0.999999,-0.00141184,-5.88697e-05,-0.999999,-0.00141184,-5.88697e-05,-0.999999,-0.00141184,-5.88697e-05,-0.999999,-0.00141184,-5.88697e-05,-0.999999,-0.00141184
187,5.88694e-05,-0.999999,-0.00142028,5.88694e-05,-0.999999,-0.00142028,5.88694e-05,-0.999999,-0.00142028,5.88694e-05,-0.999999,-0.00142028,5.88694e-05,-0.999999,-0.00142028,5.88694e-05,-0.999999,-0.00142028,5.88694e-05,-0.999999,-0.00142028,5.88694e-05,-0.999999,-0.00142028,5.88694e-05,-0.999999,-0.00142028,5.88694e-05,-0.999999,-0.00142028,5.88694e-05,-0.999999,-0.00142028
188,0.00016765,-0.999999,-0.00144504,0.00016765,-0.999999,-0.00144504,0.00016765,-0.999999,-0.00144504,0.00016765,-0.999999,-0.00144504,0.00016765,-0.999999,-0.00144504,0.00016765,-0.999999,-0.00144504,0.00016765,-0.999999,-0.00144504,0.00016765,-0.999999,-0.00144504,0.00016765,-0.999999,-0.00144504,0.00016765,-0.999999,-0.00144504,0.00016765,-0.999999,-0.00144504
189,0.000269771,-0.999999,-0.00153697,0.000269771,-0.999999,-0.00153697,0.000269771,-0.999999,-0.00153697,0.000269771,-0.999999,-0.00153697,0.000269771,-0.999999,-0.00153697,0.000269771,-0.999999,-0.00153697,0.000269771,-0.999999,-0.00153697,0.000269771,-0.999999,-0.00153697,0.000269771,-0.999999,-0.00153697,0.000269771,-0.999999,-0.00153697,0.000269771,-0.999999,-0.00153697
190,9.74826e-05,-0.999999,-0.00149389,9.74826e-05,-0.999999,-0.00149389,9.74826e-05,-0.999999,-0.00149389,9.74826e-05,-0.999999,-0.00149389,9.74826e-05,-0.999999,-0.00149389,9.74826e-05,-0.999999,-0.00149389,9.74826e-05,-0.999999,-0.00149389,9.74826e-05,-0.999999,-0.00149389,9.74826e-05,-0.999999,-0.00149389,9.74826e-05,-0.999999,-0.00149389,9.74826e-05,-0.999999,-0.00149389
191,0.000142944,-0.999999,-0.00135778,0.000142944,-0.999999,-0.00135778,0.000142944,-0.999999,-0.00135778,0.000142944,-0.999999,-0.00135778,0.000142944,-0.999999,-0.00135778,0.000142944,-0.999999,-0.00135778,0.000142944,-0.999999,-0.00135778,0.000142944,-0.999999,-0.00135778,0.000142944,-0.999999,-0.00135778,0.000142944,-0.999999,-0.00135778,0.000142944,-0.999999,-0.00135778
192,0.999999,-0.000142783,-0.00149395,0.999999,-0.000142783,-0.00149395,0.999999,-0.000142783,-0.00149395,0.999999,-0.000142783,-0.00149395,0.999999,-0.000142783,-0.00149395,0.999999,-0.000142783,-0.00149395,0.999999,-0.000142783,-0.00149395,0.999999,-0.000142783,-0.00149395,0.999999,-0.000142783,-0.00149395,0.999999,-0.000142783,-0.00149395,0.999999,-0.000142783,-0.00149395
193,-0.999999,-9.74826e-05,-0.00149389,-0.999999,-9.74826e-05,-0.00149389,-0.999999,-9.74826e-05,-0.00149389,-0.999999,-9.74826e-05,-0.00149389,-0.999999,-9.74826e-05,-0.00149389,-0.999999,-9.74826e-05,-0.00149389,-0.999999,-9.74826e-05,-0.00149389,-0.999999,-9.74826e-05,-0.00149389,-0.999999,-9.74826e-05,-0.00149389,-0.999999,-9.74826e-05,-0.00149389,-0.999999,-9.74826e-05,-0.00149389
194,0.999999,-9.74632e-05,-0.00153676,0.999999,-9.74632e-05,-0.00153676,0.999999,-9.74632e-05,-0.00153676,0.999999,-9.74632e-05,-0.00153676,0.999999,-9.74632e-05,-0.00153676,0.999999,-9.74632e-05,-0.00153676,0.999999,-9.74632e-05,-0.00153676,0.999999,-9.74632e-05,-0.00153676,0.999999,-9.74632e-05,-0.00153676,0.999999,-9.74632e-05,-0.00153676,0.999999,-9.74632e-05,-0.00153676
195,-0.999999,-0.000269771,-0.00153697,-0.999999,-0.000269771,-0.00153697,-0.999999,-0.000269771,-0.00153697,-0.999999,-0.000269771,-0.00153697,-0.999999,-0.000269771,-0.00153697,-0.999999,-0.000269771,-0.00153697,-0.999999,-0.000269771,-0.00153697,-0.999999,-0.000269771,-0.00153697,-0.999999,-0.000269771,-0.00153697,-0.999999,-0.000269771,-0.00153697,-0.999999,-0.000269771,-0.00153697
196,0.999999,-0.000269793,-0.00144513,0.999999,-0.000269793,-0.00144513,0.999999,-0.000269793,-0.00144513,0.999999,-0.000269793,-0.00144513,0.999999,-0.000269793,-0.00144513,0.999999,-0.000269793,-0.00144513,0.999999,-0.000269793,-0.00144513,0.999999,-0.000269793,-0.00144513,0.999999,-0.000269793,-0.00144513,0.999999,-0.000269793,-0.00144513,0.999999,-0.000269793,-0.00144513
197,-0.999999,-0.00016765,-0.00144504,-0.999999,-0.00016765,-0.00144504,-0.999999,-0.00016765,-0.00144504,-0.999999,-0.00016765,-0.00144504,-0.999999,-0.00016765,-0.00144504,-0.999999,-0.00016765,-0.00144504,-0.999999,-0.00016765,-0.00144504,-0.999999,-0.00016765,-0.00144504,-0.999999,-0.00016765,-0.00144504,-0.999999,-0.00016765,-0.00144504,-0.999999,-0.00016765,-0.00144504
